R @ R^T = I: True
Round-trip error: 1.1e-16

constant float turbo_wht_signs1_32[32] = {-1.0f, 1.0f, -1.0f, -1.0f, -1.0f, 1.0f, -1.0f, -1.0f, -1.0f, 1.0f, -1.0f, -1.0f, -1.0f, -1.0f, 1.0f, -1.0f, 1.0f, 1.0f, 1.0f, -1.0f, 1.0f, -1.0f, 1.0f, 1.0f, 1.0f, 1.0f, 1.0f, 1.0f, 1.0f, 1.0f, -1.0f, -1.0f};
constant float turbo_wht_signs2_32[32] = {1.0f, 1.0f, 1.0f, -1.0f, 1.0f, -1.0f, -1.0f, -1.0f, -1.0f, -1.0f, 1.0f, 1.0f, 1.0f, 1.0f, 1.0f, -1.0f, 1.0f, 1.0f, -1.0f, 1.0f, -1.0f, 1.0f, -1.0f, 1.0f, 1.0f, -1.0f, -1.0f, -1.0f, -1.0f, -1.0f, -1.0f, -1.0f};

constant half4 turbo_wht_signs1_32_h4[8] = {
    half4(-1.0h, 1.0h, -1.0h, -1.0h),
    half4(-1.0h, 1.0h, -1.0h, -1.0h),
    half4(-1.0h, 1.0h, -1.0h, -1.0h),
    half4(-1.0h, -1.0h, 1.0h, -1.0h),
    half4(1.0h, 1.0h, 1.0h, -1.0h),
    half4(1.0h, -1.0h, 1.0h, 1.0h),
    half4(1.0h, 1.0h, 1.0h, 1.0h),
    half4(1.0h, 1.0h, -1.0h, -1.0h)
};
constant half4 turbo_wht_signs2_32_h4[8] = {
    half4(1.0h, 1.0h, 1.0h, -1.0h),
    half4(1.0h, -1.0h, -1.0h, -1.0h),
    half4(-1.0h, -1.0h, 1.0h, 1.0h),
    half4(1.0h, 1.0h, 1.0h, -1.0h),
    half4(1.0h, 1.0h, -1.0h, 1.0h),
    half4(-1.0h, 1.0h, -1.0h, 1.0h),
    half4(1.0h, -1.0h, -1.0h, -1.0h),
    half4(-1.0h, -1.0h, -1.0h, -1.0h)
};

// 32x32 rotation matrices for TurboQuant (group_size=32)
// R = diag(s2) @ H/sqrt(32) @ diag(s1), seed=42
static const float TURBO_ROTATION_R_32[1024] = {
    -1.76776695e-01f, 1.76776695e-01f, -1.76776695e-01f, -1.76776695e-01f, -1.76776695e-01f, 1.76776695e-01f, -1.76776695e-01f, -1.76776695e-01f, -1.76776695e-01f, 1.76776695e-01f, -1.76776695e-01f, -1.76776695e-01f, -1.76776695e-01f, -1.76776695e-01f, 1.76776695e-01f, -1.76776695e-01f, 1.76776695e-01f, 1.76776695e-01f, 1.76776695e-01f, -1.76776695e-01f, 1.76776695e-01f, -1.76776695e-01f, 1.76776695e-01f, 1.76776695e-01f, 1.76776695e-01f, 1.76776695e-01f, 1.76776695e-01f, 1.76776695e-01f, 1.76776695e-01f, 1.76776695e-01f, -1.76776695e-01f, -1.76776695e-01f,
    -1.76776695e-01f, -1.76776695e-01f, -1.76776695e-01f, 1.76776695e-01f, -1.76776695e-01f, -1.76776695e-01f, -1.76776695e-01f, 1.76776695e-01f, -1.76776695e-01f, -1.76776695e-01f, -1.76776695e-01f, 1.76776695e-01f, -1.76776695e-01f, 1.76776695e-01f, 1.76776695e-01f, 1.76776695e-01f, 1.76776695e-01f, -1.76776695e-01f, 1.76776695e-01f, 1.76776695e-01f, 1.76776695e-01f, 1.76776695e-01f, 1.76776695e-01f, -1.76776695e-01f, 1.76776695e-01f, -1.76776695e-01f, 1.76776695e-01f, -1.76776695e-01f, 1.76776695e-01f, -1.76776695e-01f, -1.76776695e-01f, 1.76776695e-01f,
    -1.76776695e-01f, 1.76776695e-01f, 1.76776695e-01f, 1.76776695e-01f, -1.76776695e-01f, 1.76776695e-01f, 1.76776695e-01f, 1.76776695e-01f, -1.76776695e-01f, 1.76776695e-01f, 1.76776695e-01f, 1.76776695e-01f, -1.76776695e-01f, -1.76776695e-01f, -1.76776695e-01f, 1.76776695e-01f, 1.76776695e-01f, 1.76776695e-01f, -1.76776695e-01f, 1.76776695e-01f, 1.76776695e-01f, -1.76776695e-01f, -1.76776695e-01f, -1.76776695e-01f, 1.76776695e-01f, 1.76776695e-01f, -1.76776695e-01f, -1.76776695e-01f, 1.76776695e-01f, 1.76776695e-01f, 1.76776695e-01f, 1.76776695e-01f,
    1.76776695e-01f, 1.76776695e-01f, -1.76776695e-01f, 1.76776695e-01f, 1.76776695e-01f, 1.76776695e-01f, -1.76776695e-01f, 1.76776695e-01f, 1.76776695e-01f, 1.76776695e-01f, -1.76776695e-01f, 1.76776695e-01f, 1.76776695e-01f, -1.76776695e-01f, 1.76776695e-01f, 1.76776695e-01f, -1.76776695e-01f, 1.76776695e-01f, 1.76776695e-01f, 1.76776695e-01f, -1.76776695e-01f, -1.76776695e-01f, 1.76776695e-01f, -1.76776695e-01f, -1.76776695e-01f, 1.76776695e-01f, 1.76776695e-01f, -1.76776695e-01f, -1.76776695e-01f, 1.76776695e-01f, -1.76776695e-01f, 1.76776695e-01f,
    -1.76776695e-01f, 1.76776695e-01f, -1.76776695e-01f, -1.76776695e-01f, 1.76776695e-01f, -1.76776695e-01f, 1.76776695e-01f, 1.76776695e-01f, -1.76776695e-01f, 1.76776695e-01f, -1.76776695e-01f, -1.76776695e-01f, 1.76776695e-01f, 1.76776695e-01f, -1.76776695e-01f, 1.76776695e-01f, 1.76776695e-01f, 1.76776695e-01f, 1.76776695e-01f, -1.76776695e-01f, -1.76776695e-01f, 1.76776695e-01f, -1.76776695e-01f, -1.76776695e-01f, 1.76776695e-01f, 1.76776695e-01f, 1.76776695e-01f, 1.76776695e-01f, -1.76776695e-01f, -1.76776695e-01f, 1.76776695e-01f, 1.76776695e-01f,
    1.76776695e-01f, 1.76776695e-01f, 1.76776695e-01f, -1.76776695e-01f, -1.76776695e-01f, -1.76776695e-01f, -1.76776695e-01f, 1.76776695e-01f, 1.76776695e-01f, 1.76776695e-01f, 1.76776695e-01f, -1.76776695e-01f, -1.76776695e-01f, 1.76776695e-01f, 1.76776695e-01f, 1.76776695e-01f, -1.76776695e-01f, 1.76776695e-01f, -1.76776695e-01f, -1.76776695e-01f, 1.76776695e-01f, 1.76776695e-01f, 1.76776695e-01f, -1.76776695e-01f, -1.76776695e-01f, 1.76776695e-01f, -1.76776695e-01f, 1.76776695e-01f, 1.76776695e-01f, -1.76776695e-01f, -1.76776695e-01f, 1.76776695e-01f,
    1.76776695e-01f, -1.76776695e-01f, -1.76776695e-01f, -1.76776695e-01f, -1.76776695e-01f, 1.76776695e-01f, 1.76776695e-01f, 1.76776695e-01f, 1.76776695e-01f, -1.76776695e-01f, -1.76776695e-01f, -1.76776695e-01f, -1.76776695e-01f, -1.76776695e-01f, -1.76776695e-01f, 1.76776695e-01f, -1.76776695e-01f, -1.76776695e-01f, 1.76776695e-01f, -1.76776695e-01f, 1.76776695e-01f, -1.76776695e-01f, -1.76776695e-01f, -1.76776695e-01f, -1.76776695e-01f, -1.76776695e-01f, 1.76776695e-01f, 1.76776695e-01f, 1.76776695e-01f, 1.76776695e-01f, 1.76776695e-01f, 1.76776695e-01f,
    1.76776695e-01f, 1.76776695e-01f, -1.76776695e-01f, 1.76776695e-01f, -1.76776695e-01f, -1.76776695e-01f, 1.76776695e-01f, -1.76776695e-01f, 1.76776695e-01f, 1.76776695e-01f, -1.76776695e-01f, 1.76776695e-01f, -1.76776695e-01f, 1.76776695e-01f, -1.76776695e-01f, -1.76776695e-01f, -1.76776695e-01f, 1.76776695e-01f, 1.76776695e-01f, 1.76776695e-01f, 1.76776695e-01f, 1.76776695e-01f, -1.76776695e-01f, 1.76776695e-01f, -1.76776695e-01f, 1.76776695e-01f, 1.76776695e-01f, -1.76776695e-01f, 1.76776695e-01f, -1.76776695e-01f, 1.76776695e-01f, -1.76776695e-01f,
    1.76776695e-01f, -1.76776695e-01f, 1.76776695e-01f, 1.76776695e-01f, 1.76776695e-01f, -1.76776695e-01f, 1.76776695e-01f, 1.76776695e-01f, -1.76776695e-01f, 1.76776695e-01f, -1.76776695e-01f, -1.76776695e-01f, -1.76776695e-01f, -1.76776695e-01f, 1.76776695e-01f, -1.76776695e-01f, -1.76776695e-01f, -1.76776695e-01f, -1.76776695e-01f, 1.76776695e-01f, -1.76776695e-01f, 1.76776695e-01f, -1.76776695e-01f, -1.76776695e-01f, 1.76776695e-01f, 1.76776695e-01f, 1.76776695e-01f, 1.76776695e-01f, 1.76776695e-01f, 1.76776695e-01f, -1.76776695e-01f, -1.76776695e-01f,
    1.76776695e-01f, 1.76776695e-01f, 1.76776695e-01f, -1.76776695e-01f, 1.76776695e-01f, 1.76776695e-01f, 1.76776695e-01f, -1.76776695e-01f, -1.76776695e-01f, -1.76776695e-01f, -1.76776695e-01f, 1.76776695e-01f, -1.76776695e-01f, 1.76776695e-01f, 1.76776695e-01f, 1.76776695e-01f, -1.76776695e-01f, 1.76776695e-01f, -1.76776695e-01f, -1.76776695e-01f, -1.76776695e-01f, -1.76776695e-01f, -1.76776695e-01f, 1.76776695e-01f, 1.76776695e-01f, -1.76776695e-01f, 1.76776695e-01f, -1.76776695e-01f, 1.76776695e-01f, -1.76776695e-01f, -1.76776695e-01f, 1.76776695e-01f,
    -1.76776695e-01f, 1.76776695e-01f, 1.76776695e-01f, 1.76776695e-01f, -1.76776695e-01f, 1.76776695e-01f, 1.76776695e-01f, 1.76776695e-01f, 1.76776695e-01f, -1.76776695e-01f, -1.76776695e-01f, -1.76776695e-01f, 1.76776695e-01f, 1.76776695e-01f, 1.76776695e-01f, -1.76776695e-01f, 1.76776695e-01f, 1.76776695e-01f, -1.76776695e-01f, 1.76776695e-01f, 1.76776695e-01f, -1.76776695e-01f, -1.76776695e-01f, -1.76776695e-01f, -1.76776695e-01f, -1.76776695e-01f, 1.76776695e-01f, 1.76776695e-01f, -1.76776695e-01f, -1.76776695e-01f, -1.76776695e-01f, -1.76776695e-01f,
    -1.76776695e-01f, -1.76776695e-01f, 1.76776695e-01f, -1.76776695e-01f, -1.76776695e-01f, -1.76776695e-01f, 1.76776695e-01f, -1.76776695e-01f, 1.76776695e-01f, 1.76776695e-01f, -1.76776695e-01f, 1.76776695e-01f, 1.76776695e-01f, -1.76776695e-01f, 1.76776695e-01f, 1.76776695e-01f, 1.76776695e-01f, -1.76776695e-01f, -1.76776695e-01f, -1.76776695e-01f, 1.76776695e-01f, 1.76776695e-01f, -1.76776695e-01f, 1.76776695e-01f, -1.76776695e-01f, 1.76776695e-01f, 1.76776695e-01f, -1.76776695e-01f, -1.76776695e-01f, 1.76776695e-01f, -1.76776695e-01f, 1.76776695e-01f,
    -1.76776695e-01f, 1.76776695e-01f, -1.76776695e-01f, -1.76776695e-01f, 1.76776695e-01f, -1.76776695e-01f, 1.76776695e-01f, 1.76776695e-01f, 1.76776695e-01f, -1.76776695e-01f, 1.76776695e-01f, 1.76776695e-01f, -1.76776695e-01f, -1.76776695e-01f, 1.76776695e-01f, -1.76776695e-01f, 1.76776695e-01f, 1.76776695e-01f, 1.76776695e-01f, -1.76776695e-01f, -1.76776695e-01f, 1.76776695e-01f, -1.76776695e-01f, -1.76776695e-01f, -1.76776695e-01f, -1.76776695e-01f, -1.76776695e-01f, -1.76776695e-01f, 1.76776695e-01f, 1.76776695e-01f, -1.76776695e-01f, -1.76776695e-01f,
    -1.76776695e-01f, -1.76776695e-01f, -1.76776695e-01f, 1.76776695e-01f, 1.76776695e-01f, 1.76776695e-01f, 1.76776695e-01f, -1.76776695e-01f, 1.76776695e-01f, 1.76776695e-01f, 1.76776695e-01f, -1.76776695e-01f, -1.76776695e-01f, 1.76776695e-01f, 1.76776695e-01f, 1.76776695e-01f, 1.76776695e-01f, -1.76776695e-01f, 1.76776695e-01f, 1.76776695e-01f, -1.76776695e-01f, -1.76776695e-01f, -1.76776695e-01f, 1.76776695e-01f, -1.76776695e-01f, 1.76776695e-01f, -1.76776695e-01f, 1.76776695e-01f, 1.76776695e-01f, -1.76776695e-01f, -1.76776695e-01f, 1.76776695e-01f,
    -1.76776695e-01f, 1.76776695e-01f, 1.76776695e-01f, 1.76776695e-01f, 1.76776695e-01f, -1.76776695e-01f, -1.76776695e-01f, -1.76776695e-01f, 1.76776695e-01f, -1.76776695e-01f, -1.76776695e-01f, -1.76776695e-01f, -1.76776695e-01f, -1.76776695e-01f, -1.76776695e-01f, 1.76776695e-01f, 1.76776695e-01f, 1.76776695e-01f, -1.76776695e-01f, 1.76776695e-01f, -1.76776695e-01f, 1.76776695e-01f, 1.76776695e-01f, 1.76776695e-01f, -1.76776695e-01f, -1.76776695e-01f, 1.76776695e-01f, 1.76776695e-01f, 1.76776695e-01f, 1.76776695e-01f, 1.76776695e-01f, 1.76776695e-01f,
    1.76776695e-01f, 1.76776695e-01f, -1.76776695e-01f, 1.76776695e-01f, -1.76776695e-01f, -1.76776695e-01f, 1.76776695e-01f, -1.76776695e-01f, -1.76776695e-01f, -1.76776695e-01f, 1.76776695e-01f, -1.76776695e-01f, 1.76776695e-01f, -1.76776695e-01f, 1.76776695e-01f, 1.76776695e-01f, -1.76776695e-01f, 1.76776695e-01f, 1.76776695e-01f, 1.76776695e-01f, 1.76776695e-01f, 1.76776695e-01f, -1.76776695e-01f, 1.76776695e-01f, 1.76776695e-01f, -1.76776695e-01f, -1.76776695e-01f, 1.76776695e-01f, -1.76776695e-01f, 1.76776695e-01f, -1.76776695e-01f, 1.76776695e-01f,
    -1.76776695e-01f, 1.76776695e-01f, -1.76776695e-01f, -1.76776695e-01f, -1.76776695e-01f, 1.76776695e-01f, -1.76776695e-01f, -1.76776695e-01f, -1.76776695e-01f, 1.76776695e-01f, -1.76776695e-01f, -1.76776695e-01f, -1.76776695e-01f, -1.76776695e-01f, 1.76776695e-01f, -1.76776695e-01f, -1.76776695e-01f, -1.76776695e-01f, -1.76776695e-01f, 1.76776695e-01f, -1.76776695e-01f, 1.76776695e-01f, -1.76776695e-01f, -1.76776695e-01f, -1.76776695e-01f, -1.76776695e-01f, -1.76776695e-01f, -1.76776695e-01f, -1.76776695e-01f, -1.76776695e-01f, 1.76776695e-01f, 1.76776695e-01f,
    -1.76776695e-01f, -1.76776695e-01f, -1.76776695e-01f, 1.76776695e-01f, -1.76776695e-01f, -1.76776695e-01f, -1.76776695e-01f, 1.76776695e-01f, -1.76776695e-01f, -1.76776695e-01f, -1.76776695e-01f, 1.76776695e-01f, -1.76776695e-01f, 1.76776695e-01f, 1.76776695e-01f, 1.76776695e-01f, -1.76776695e-01f, 1.76776695e-01f, -1.76776695e-01f, -1.76776695e-01f, -1.76776695e-01f, -1.76776695e-01f, -1.76776695e-01f, 1.76776695e-01f, -1.76776695e-01f, 1.76776695e-01f, -1.76776695e-01f, 1.76776695e-01f, -1.76776695e-01f, 1.76776695e-01f, 1.76776695e-01f, -1.76776695e-01f,
    1.76776695e-01f, -1.76776695e-01f, -1.76776695e-01f, -1.76776695e-01f, 1.76776695e-01f, -1.76776695e-01f, -1.76776695e-01f, -1.76776695e-01f, 1.76776695e-01f, -1.76776695e-01f, -1.76776695e-01f, -1.76776695e-01f, 1.76776695e-01f, 1.76776695e-01f, 1.76776695e-01f, -1.76776695e-01f, 1.76776695e-01f, 1.76776695e-01f, -1.76776695e-01f, 1.76776695e-01f, 1.76776695e-01f, -1.76776695e-01f, -1.76776695e-01f, -1.76776695e-01f, 1.76776695e-01f, 1.76776695e-01f, -1.76776695e-01f, -1.76776695e-01f, 1.76776695e-01f, 1.76776695e-01f, 1.76776695e-01f, 1.76776695e-01f,
    -1.76776695e-01f, -1.76776695e-01f, 1.76776695e-01f, -1.76776695e-01f, -1.76776695e-01f, -1.76776695e-01f, 1.76776695e-01f, -1.76776695e-01f, -1.76776695e-01f, -1.76776695e-01f, 1.76776695e-01f, -1.76776695e-01f, -1.76776695e-01f, 1.76776695e-01f, -1.76776695e-01f, -1.76776695e-01f, -1.76776695e-01f, 1.76776695e-01f, 1.76776695e-01f, 1.76776695e-01f, -1.76776695e-01f, -1.76776695e-01f, 1.76776695e-01f, -1.76776695e-01f, -1.76776695e-01f, 1.76776695e-01f, 1.76776695e-01f, -1.76776695e-01f, -1.76776695e-01f, 1.76776695e-01f, -1.76776695e-01f, 1.76776695e-01f,
    1.76776695e-01f, -1.76776695e-01f, 1.76776695e-01f, 1.76776695e-01f, -1.76776695e-01f, 1.76776695e-01f, -1.76776695e-01f, -1.76776695e-01f, 1.76776695e-01f, -1.76776695e-01f, 1.76776695e-01f, 1.76776695e-01f, -1.76776695e-01f, -1.76776695e-01f, 1.76776695e-01f, -1.76776695e-01f, 1.76776695e-01f, 1.76776695e-01f, 1.76776695e-01f, -1.76776695e-01f, -1.76776695e-01f, 1.76776695e-01f, -1.76776695e-01f, -1.76776695e-01f, 1.76776695e-01f, 1.76776695e-01f, 1.76776695e-01f, 1.76776695e-01f, -1.76776695e-01f, -1.76776695e-01f, 1.76776695e-01f, 1.76776695e-01f,
    -1.76776695e-01f, -1.76776695e-01f, -1.76776695e-01f, 1.76776695e-01f, 1.76776695e-01f, 1.76776695e-01f, 1.76776695e-01f, -1.76776695e-01f, -1.76776695e-01f, -1.76776695e-01f, -1.76776695e-01f, 1.76776695e-01f, 1.76776695e-01f, -1.76776695e-01f, -1.76776695e-01f, -1.76776695e-01f, -1.76776695e-01f, 1.76776695e-01f, -1.76776695e-01f, -1.76776695e-01f, 1.76776695e-01f, 1.76776695e-01f, 1.76776695e-01f, -1.76776695e-01f, -1.76776695e-01f, 1.76776695e-01f, -1.76776695e-01f, 1.76776695e-01f, 1.76776695e-01f, -1.76776695e-01f, -1.76776695e-01f, 1.76776695e-01f,
    1.76776695e-01f, -1.76776695e-01f, -1.76776695e-01f, -1.76776695e-01f, -1.76776695e-01f, 1.76776695e-01f, 1.76776695e-01f, 1.76776695e-01f, 1.76776695e-01f, -1.76776695e-01f, -1.76776695e-01f, -1.76776695e-01f, -1.76776695e-01f, -1.76776695e-01f, -1.76776695e-01f, 1.76776695e-01f, 1.76776695e-01f, 1.76776695e-01f, -1.76776695e-01f, 1.76776695e-01f, -1.76776695e-01f, 1.76776695e-01f, 1.76776695e-01f, 1.76776695e-01f, 1.76776695e-01f, 1.76776695e-01f, -1.76776695e-01f, -1.76776695e-01f, -1.76776695e-01f, -1.76776695e-01f, -1.76776695e-01f, -1.76776695e-01f,
    -1.76776695e-01f, -1.76776695e-01f, 1.76776695e-01f, -1.76776695e-01f, 1.76776695e-01f, 1.76776695e-01f, -1.76776695e-01f, 1.76776695e-01f, -1.76776695e-01f, -1.76776695e-01f, 1.76776695e-01f, -1.76776695e-01f, 1.76776695e-01f, -1.76776695e-01f, 1.76776695e-01f, 1.76776695e-01f, -1.76776695e-01f, 1.76776695e-01f, 1.76776695e-01f, 1.76776695e-01f, 1.76776695e-01f, 1.76776695e-01f, -1.76776695e-01f, 1.76776695e-01f, -1.76776695e-01f, 1.76776695e-01f, 1.76776695e-01f, -1.76776695e-01f, 1.76776695e-01f, -1.76776695e-01f, 1.76776695e-01f, -1.76776695e-01f,
    -1.76776695e-01f, 1.76776695e-01f, -1.76776695e-01f, -1.76776695e-01f, -1.76776695e-01f, 1.76776695e-01f, -1.76776695e-01f, -1.76776695e-01f, 1.76776695e-01f, -1.76776695e-01f, 1.76776695e-01f, 1.76776695e-01f, 1.76776695e-01f, 1.76776695e-01f, -1.76776695e-01f, 1.76776695e-01f, -1.76776695e-01f, -1.76776695e-01f, -1.76776695e-01f, 1.76776695e-01f, -1.76776695e-01f, 1.76776695e-01f, -1.76776695e-01f, -1.76776695e-01f, 1.76776695e-01f, 1.76776695e-01f, 1.76776695e-01f, 1.76776695e-01f, 1.76776695e-01f, 1.76776695e-01f, -1.76776695e-01f, -1.76776695e-01f,
    1.76776695e-01f, 1.76776695e-01f, 1.76776695e-01f, -1.76776695e-01f, 1.76776695e-01f, 1.76776695e-01f, 1.76776695e-01f, -1.76776695e-01f, -1.76776695e-01f, -1.76776695e-01f, -1.76776695e-01f, 1.76776695e-01f, -1.76776695e-01f, 1.76776695e-01f, 1.76776695e-01f, 1.76776695e-01f, 1.76776695e-01f, -1.76776695e-01f, 1.76776695e-01f, 1.76776695e-01f, 1.76776695e-01f, 1.76776695e-01f, 1.76776695e-01f, -1.76776695e-01f, -1.76776695e-01f, 1.76776695e-01f, -1.76776695e-01f, 1.76776695e-01f, -1.76776695e-01f, 1.76776695e-01f, 1.76776695e-01f, -1.76776695e-01f,
    1.76776695e-01f, -1.76776695e-01f, -1.76776695e-01f, -1.76776695e-01f, 1.76776695e-01f, -1.76776695e-01f, -1.76776695e-01f, -1.76776695e-01f, -1.76776695e-01f, 1.76776695e-01f, 1.76776695e-01f, 1.76776695e-01f, -1.76776695e-01f, -1.76776695e-01f, -1.76776695e-01f, 1.76776695e-01f, 1.76776695e-01f, 1.76776695e-01f, -1.76776695e-01f, 1.76776695e-01f, 1.76776695e-01f, -1.76776695e-01f, -1.76776695e-01f, -1.76776695e-01f, -1.76776695e-01f, -1.76776695e-01f, 1.76776695e-01f, 1.76776695e-01f, -1.76776695e-01f, -1.76776695e-01f, -1.76776695e-01f, -1.76776695e-01f,
    1.76776695e-01f, 1.76776695e-01f, -1.76776695e-01f, 1.76776695e-01f, 1.76776695e-01f, 1.76776695e-01f, -1.76776695e-01f, 1.76776695e-01f, -1.76776695e-01f, -1.76776695e-01f, 1.76776695e-01f, -1.76776695e-01f, -1.76776695e-01f, 1.76776695e-01f, -1.76776695e-01f, -1.76776695e-01f, 1.76776695e-01f, -1.76776695e-01f, -1.76776695e-01f, -1.76776695e-01f, 1.76776695e-01f, 1.76776695e-01f, -1.76776695e-01f, 1.76776695e-01f, -1.76776695e-01f, 1.76776695e-01f, 1.76776695e-01f, -1.76776695e-01f, -1.76776695e-01f, 1.76776695e-01f, -1.76776695e-01f, 1.76776695e-01f,
    1.76776695e-01f, -1.76776695e-01f, 1.76776695e-01f, 1.76776695e-01f, -1.76776695e-01f, 1.76776695e-01f, -1.76776695e-01f, -1.76776695e-01f, -1.76776695e-01f, 1.76776695e-01f, -1.76776695e-01f, -1.76776695e-01f, 1.76776695e-01f, 1.76776695e-01f, -1.76776695e-01f, 1.76776695e-01f, 1.76776695e-01f, 1.76776695e-01f, 1.76776695e-01f, -1.76776695e-01f, -1.76776695e-01f, 1.76776695e-01f, -1.76776695e-01f, -1.76776695e-01f, -1.76776695e-01f, -1.76776695e-01f, -1.76776695e-01f, -1.76776695e-01f, 1.76776695e-01f, 1.76776695e-01f, -1.76776695e-01f, -1.76776695e-01f,
    1.76776695e-01f, 1.76776695e-01f, 1.76776695e-01f, -1.76776695e-01f, -1.76776695e-01f, -1.76776695e-01f, -1.76776695e-01f, 1.76776695e-01f, -1.76776695e-01f, -1.76776695e-01f, -1.76776695e-01f, 1.76776695e-01f, 1.76776695e-01f, -1.76776695e-01f, -1.76776695e-01f, -1.76776695e-01f, 1.76776695e-01f, -1.76776695e-01f, 1.76776695e-01f, 1.76776695e-01f, -1.76776695e-01f, -1.76776695e-01f, -1.76776695e-01f, 1.76776695e-01f, -1.76776695e-01f, 1.76776695e-01f, -1.76776695e-01f, 1.76776695e-01f, 1.76776695e-01f, -1.76776695e-01f, -1.76776695e-01f, 1.76776695e-01f,
    1.76776695e-01f, -1.76776695e-01f, -1.76776695e-01f, -1.76776695e-01f, -1.76776695e-01f, 1.76776695e-01f, 1.76776695e-01f, 1.76776695e-01f, -1.76776695e-01f, 1.76776695e-01f, 1.76776695e-01f, 1.76776695e-01f, 1.76776695e-01f, 1.76776695e-01f, 1.76776695e-01f, -1.76776695e-01f, 1.76776695e-01f, 1.76776695e-01f, -1.76776695e-01f, 1.76776695e-01f, -1.76776695e-01f, 1.76776695e-01f, 1.76776695e-01f, 1.76776695e-01f, -1.76776695e-01f, -1.76776695e-01f, 1.76776695e-01f, 1.76776695e-01f, 1.76776695e-01f, 1.76776695e-01f, 1.76776695e-01f, 1.76776695e-01f,
    1.76776695e-01f, 1.76776695e-01f, -1.76776695e-01f, 1.76776695e-01f, -1.76776695e-01f, -1.76776695e-01f, 1.76776695e-01f, -1.76776695e-01f, -1.76776695e-01f, -1.76776695e-01f, 1.76776695e-01f, -1.76776695e-01f, 1.76776695e-01f, -1.76776695e-01f, 1.76776695e-01f, 1.76776695e-01f, 1.76776695e-01f, -1.76776695e-01f, -1.76776695e-01f, -1.76776695e-01f, -1.76776695e-01f, -1.76776695e-01f, 1.76776695e-01f, -1.76776695e-01f, -1.76776695e-01f, 1.76776695e-01f, 1.76776695e-01f, -1.76776695e-01f, 1.76776695e-01f, -1.76776695e-01f, 1.76776695e-01f, -1.76776695e-01f
};
static const float TURBO_ROTATION_RT_32[1024] = {
    -1.76776695e-01f, -1.76776695e-01f, -1.76776695e-01f, 1.76776695e-01f, -1.76776695e-01f, 1.76776695e-01f, 1.76776695e-01f, 1.76776695e-01f, 1.76776695e-01f, 1.76776695e-01f, -1.76776695e-01f, -1.76776695e-01f, -1.76776695e-01f, -1.76776695e-01f, -1.76776695e-01f, 1.76776695e-01f, -1.76776695e-01f, -1.76776695e-01f, 1.76776695e-01f, -1.76776695e-01f, 1.76776695e-01f, -1.76776695e-01f, 1.76776695e-01f, -1.76776695e-01f, -1.76776695e-01f, 1.76776695e-01f, 1.76776695e-01f, 1.76776695e-01f, 1.76776695e-01f, 1.76776695e-01f, 1.76776695e-01f, 1.76776695e-01f,
    1.76776695e-01f, -1.76776695e-01f, 1.76776695e-01f, 1.76776695e-01f, 1.76776695e-01f, 1.76776695e-01f, -1.76776695e-01f, 1.76776695e-01f, -1.76776695e-01f, 1.76776695e-01f, 1.76776695e-01f, -1.76776695e-01f, 1.76776695e-01f, -1.76776695e-01f, 1.76776695e-01f, 1.76776695e-01f, 1.76776695e-01f, -1.76776695e-01f, -1.76776695e-01f, -1.76776695e-01f, -1.76776695e-01f, -1.76776695e-01f, -1.76776695e-01f, -1.76776695e-01f, 1.76776695e-01f, 1.76776695e-01f, -1.76776695e-01f, 1.76776695e-01f, -1.76776695e-01f, 1.76776695e-01f, -1.76776695e-01f, 1.76776695e-01f,
    -1.76776695e-01f, -1.76776695e-01f, 1.76776695e-01f, -1.76776695e-01f, -1.76776695e-01f, 1.76776695e-01f, -1.76776695e-01f, -1.76776695e-01f, 1.76776695e-01f, 1.76776695e-01f, 1.76776695e-01f, 1.76776695e-01f, -1.76776695e-01f, -1.76776695e-01f, 1.76776695e-01f, -1.76776695e-01f, -1.76776695e-01f, -1.76776695e-01f, -1.76776695e-01f, 1.76776695e-01f, 1.76776695e-01f, -1.76776695e-01f, -1.76776695e-01f, 1.76776695e-01f, -1.76776695e-01f, 1.76776695e-01f, -1.76776695e-01f, -1.76776695e-01f, 1.76776695e-01f, 1.76776695e-01f, -1.76776695e-01f, -1.76776695e-01f,
    -1.76776695e-01f, 1.76776695e-01f, 1.76776695e-01f, 1.76776695e-01f, -1.76776695e-01f, -1.76776695e-01f, -1.76776695e-01f, 1.76776695e-01f, 1.76776695e-01f, -1.76776695e-01f, 1.76776695e-01f, -1.76776695e-01f, -1.76776695e-01f, 1.76776695e-01f, 1.76776695e-01f, 1.76776695e-01f, -1.76776695e-01f, 1.76776695e-01f, -1.76776695e-01f, -1.76776695e-01f, 1.76776695e-01f, 1.76776695e-01f, -1.76776695e-01f, -1.76776695e-01f, -1.76776695e-01f, -1.76776695e-01f, -1.76776695e-01f, 1.76776695e-01f, 1.76776695e-01f, -1.76776695e-01f, -1.76776695e-01f, 1.76776695e-01f,
    -1.76776695e-01f, -1.76776695e-01f, -1.76776695e-01f, 1.76776695e-01f, 1.76776695e-01f, -1.76776695e-01f, -1.76776695e-01f, -1.76776695e-01f, 1.76776695e-01f, 1.76776695e-01f, -1.76776695e-01f, -1.76776695e-01f, 1.76776695e-01f, 1.76776695e-01f, 1.76776695e-01f, -1.76776695e-01f, -1.76776695e-01f, -1.76776695e-01f, 1.76776695e-01f, -1.76776695e-01f, -1.76776695e-01f, 1.76776695e-01f, -1.76776695e-01f, 1.76776695e-01f, -1.76776695e-01f, 1.76776695e-01f, 1.76776695e-01f, 1.76776695e-01f, -1.76776695e-01f, -1.76776695e-01f, -1.76776695e-01f, -1.76776695e-01f,
    1.76776695e-01f, -1.76776695e-01f, 1.76776695e-01f, 1.76776695e-01f, -1.76776695e-01f, -1.76776695e-01f, 1.76776695e-01f, -1.76776695e-01f, -1.76776695e-01f, 1.76776695e-01f, 1.76776695e-01f, -1.76776695e-01f, -1.76776695e-01f, 1.76776695e-01f, -1.76776695e-01f, -1.76776695e-01f, 1.76776695e-01f, -1.76776695e-01f, -1.76776695e-01f, -1.76776695e-01f, 1.76776695e-01f, 1.76776695e-01f, 1.76776695e-01f, 1.76776695e-01f, 1.76776695e-01f, 1.76776695e-01f, -1.76776695e-01f, 1.76776695e-01f, 1.76776695e-01f, -1.76776695e-01f, 1.76776695e-01f, -1.76776695e-01f,
    -1.76776695e-01f, -1.76776695e-01f, 1.76776695e-01f, -1.76776695e-01f, 1.76776695e-01f, -1.76776695e-01f, 1.76776695e-01f, 1.76776695e-01f, 1.76776695e-01f, 1.76776695e-01f, 1.76776695e-01f, 1.76776695e-01f, 1.76776695e-01f, 1.76776695e-01f, -1.76776695e-01f, 1.76776695e-01f, -1.76776695e-01f, -1.76776695e-01f, -1.76776695e-01f, 1.76776695e-01f, -1.76776695e-01f, 1.76776695e-01f, 1.76776695e-01f, -1.76776695e-01f, -1.76776695e-01f, 1.76776695e-01f, -1.76776695e-01f, -1.76776695e-01f, -1.76776695e-01f, -1.76776695e-01f, 1.76776695e-01f, 1.76776695e-01f,
    -1.76776695e-01f, 1.76776695e-01f, 1.76776695e-01f, 1.76776695e-01f, 1.76776695e-01f, 1.76776695e-01f, 1.76776695e-01f, -1.76776695e-01f, 1.76776695e-01f, -1.76776695e-01f, 1.76776695e-01f, -1.76776695e-01f, 1.76776695e-01f, -1.76776695e-01f, -1.76776695e-01f, -1.76776695e-01f, -1.76776695e-01f, 1.76776695e-01f, -1.76776695e-01f, -1.76776695e-01f, -1.76776695e-01f, -1.76776695e-01f, 1.76776695e-01f, 1.76776695e-01f, -1.76776695e-01f, -1.76776695e-01f, -1.76776695e-01f, 1.76776695e-01f, -1.76776695e-01f, 1.76776695e-01f, 1.76776695e-01f, -1.76776695e-01f,
    -1.76776695e-01f, -1.76776695e-01f, -1.76776695e-01f, 1.76776695e-01f, -1.76776695e-01f, 1.76776695e-01f, 1.76776695e-01f, 1.76776695e-01f, -1.76776695e-01f, -1.76776695e-01f, 1.76776695e-01f, 1.76776695e-01f, 1.76776695e-01f, 1.76776695e-01f, 1.76776695e-01f, -1.76776695e-01f, -1.76776695e-01f, -1.76776695e-01f, 1.76776695e-01f, -1.76776695e-01f, 1.76776695e-01f, -1.76776695e-01f, 1.76776695e-01f, -1.76776695e-01f, 1.76776695e-01f, -1.76776695e-01f, -1.76776695e-01f, -1.76776695e-01f, -1.76776695e-01f, -1.76776695e-01f, -1.76776695e-01f, -1.76776695e-01f,
    1.76776695e-01f, -1.76776695e-01f, 1.76776695e-01f, 1.76776695e-01f, 1.76776695e-01f, 1.76776695e-01f, -1.76776695e-01f, 1.76776695e-01f, 1.76776695e-01f, -1.76776695e-01f, -1.76776695e-01f, 1.76776695e-01f, -1.76776695e-01f, 1.76776695e-01f, -1.76776695e-01f, -1.76776695e-01f, 1.76776695e-01f, -1.76776695e-01f, -1.76776695e-01f, -1.76776695e-01f, -1.76776695e-01f, -1.76776695e-01f, -1.76776695e-01f, -1.76776695e-01f, -1.76776695e-01f, -1.76776695e-01f, 1.76776695e-01f, -1.76776695e-01f, 1.76776695e-01f, -1.76776695e-01f, 1.76776695e-01f, -1.76776695e-01f,
    -1.76776695e-01f, -1.76776695e-01f, 1.76776695e-01f, -1.76776695e-01f, -1.76776695e-01f, 1.76776695e-01f, -1.76776695e-01f, -1.76776695e-01f, -1.76776695e-01f, -1.76776695e-01f, -1.76776695e-01f, -1.76776695e-01f, 1.76776695e-01f, 1.76776695e-01f, -1.76776695e-01f, 1.76776695e-01f, -1.76776695e-01f, -1.76776695e-01f, -1.76776695e-01f, 1.76776695e-01f, 1.76776695e-01f, -1.76776695e-01f, -1.76776695e-01f, 1.76776695e-01f, 1.76776695e-01f, -1.76776695e-01f, 1.76776695e-01f, 1.76776695e-01f, -1.76776695e-01f, -1.76776695e-01f, 1.76776695e-01f, 1.76776695e-01f,
    -1.76776695e-01f, 1.76776695e-01f, 1.76776695e-01f, 1.76776695e-01f, -1.76776695e-01f, -1.76776695e-01f, -1.76776695e-01f, 1.76776695e-01f, -1.76776695e-01f, 1.76776695e-01f, -1.76776695e-01f, 1.76776695e-01f, 1.76776695e-01f, -1.76776695e-01f, -1.76776695e-01f, -1.76776695e-01f, -1.76776695e-01f, 1.76776695e-01f, -1.76776695e-01f, -1.76776695e-01f, 1.76776695e-01f, 1.76776695e-01f, -1.76776695e-01f, -1.76776695e-01f, 1.76776695e-01f, 1.76776695e-01f, 1.76776695e-01f, -1.76776695e-01f, -1.76776695e-01f, 1.76776695e-01f, 1.76776695e-01f, -1.76776695e-01f,
    -1.76776695e-01f, -1.76776695e-01f, -1.76776695e-01f, 1.76776695e-01f, 1.76776695e-01f, -1.76776695e-01f, -1.76776695e-01f, -1.76776695e-01f, -1.76776695e-01f, -1.76776695e-01f, 1.76776695e-01f, 1.76776695e-01f, -1.76776695e-01f, -1.76776695e-01f, -1.76776695e-01f, 1.76776695e-01f, -1.76776695e-01f, -1.76776695e-01f, 1.76776695e-01f, -1.76776695e-01f, -1.76776695e-01f, 1.76776695e-01f, -1.76776695e-01f, 1.76776695e-01f, 1.76776695e-01f, -1.76776695e-01f, -1.76776695e-01f, -1.76776695e-01f, 1.76776695e-01f, 1.76776695e-01f, 1.76776695e-01f, 1.76776695e-01f,
    -1.76776695e-01f, 1.76776695e-01f, -1.76776695e-01f, -1.76776695e-01f, 1.76776695e-01f, 1.76776695e-01f, -1.76776695e-01f, 1.76776695e-01f, -1.76776695e-01f, 1.76776695e-01f, 1.76776695e-01f, -1.76776695e-01f, -1.76776695e-01f, 1.76776695e-01f, -1.76776695e-01f, -1.76776695e-01f, -1.76776695e-01f, 1.76776695e-01f, 1.76776695e-01f, 1.76776695e-01f, -1.76776695e-01f, -1.76776695e-01f, -1.76776695e-01f, -1.76776695e-01f, 1.76776695e-01f, 1.76776695e-01f, -1.76776695e-01f, 1.76776695e-01f, 1.76776695e-01f, -1.76776695e-01f, 1.76776695e-01f, -1.76776695e-01f,
    1.76776695e-01f, 1.76776695e-01f, -1.76776695e-01f, 1.76776695e-01f, -1.76776695e-01f, 1.76776695e-01f, -1.76776695e-01f, -1.76776695e-01f, 1.76776695e-01f, 1.76776695e-01f, 1.76776695e-01f, 1.76776695e-01f, 1.76776695e-01f, 1.76776695e-01f, -1.76776695e-01f, 1.76776695e-01f, 1.76776695e-01f, 1.76776695e-01f, 1.76776695e-01f, -1.76776695e-01f, 1.76776695e-01f, -1.76776695e-01f, -1.76776695e-01f, 1.76776695e-01f, -1.76776695e-01f, 1.76776695e-01f, -1.76776695e-01f, -1.76776695e-01f, -1.76776695e-01f, -1.76776695e-01f, 1.76776695e-01f, 1.76776695e-01f,
    -1.76776695e-01f, 1.76776695e-01f, 1.76776695e-01f, 1.76776695e-01f, 1.76776695e-01f, 1.76776695e-01f, 1.76776695e-01f, -1.76776695e-01f, -1.76776695e-01f, 1.76776695e-01f, -1.76776695e-01f, 1.76776695e-01f, -1.76776695e-01f, 1.76776695e-01f, 1.76776695e-01f, 1.76776695e-01f, -1.76776695e-01f, 1.76776695e-01f, -1.76776695e-01f, -1.76776695e-01f, -1.76776695e-01f, -1.76776695e-01f, 1.76776695e-01f, 1.76776695e-01f, 1.76776695e-01f, 1.76776695e-01f, 1.76776695e-01f, -1.76776695e-01f, 1.76776695e-01f, -1.76776695e-01f, -1.76776695e-01f, 1.76776695e-01f,
    1.76776695e-01f, 1.76776695e-01f, 1.76776695e-01f, -1.76776695e-01f, 1.76776695e-01f, -1.76776695e-01f, -1.76776695e-01f, -1.76776695e-01f, -1.76776695e-01f, -1.76776695e-01f, 1.76776695e-01f, 1.76776695e-01f, 1.76776695e-01f, 1.76776695e-01f, 1.76776695e-01f, -1.76776695e-01f, -1.76776695e-01f, -1.76776695e-01f, 1.76776695e-01f, -1.76776695e-01f, 1.76776695e-01f, -1.76776695e-01f, 1.76776695e-01f, -1.76776695e-01f, -1.76776695e-01f, 1.76776695e-01f, 1.76776695e-01f, 1.76776695e-01f, 1.76776695e-01f, 1.76776695e-01f, 1.76776695e-01f, 1.76776695e-01f,
    1.76776695e-01f, -1.76776695e-01f, 1.76776695e-01f, 1.76776695e-01f, 1.76776695e-01f, 1.76776695e-01f, -1.76776695e-01f, 1.76776695e-01f, -1.76776695e-01f, 1.76776695e-01f, 1.76776695e-01f, -1.76776695e-01f, 1.76776695e-01f, -1.76776695e-01f, 1.76776695e-01f, 1.76776695e-01f, -1.76776695e-01f, 1.76776695e-01f, 1.76776695e-01f, 1.76776695e-01f, 1.76776695e-01f, 1.76776695e-01f, 1.76776695e-01f, 1.76776695e-01f, -1.76776695e-01f, -1.76776695e-01f, 1.76776695e-01f, -1.76776695e-01f, 1.76776695e-01f, -1.76776695e-01f, 1.76776695e-01f, -1.76776695e-01f,
    1.76776695e-01f, 1.76776695e-01f, -1.76776695e-01f, 1.76776695e-01f, 1.76776695e-01f, -1.76776695e-01f, 1.76776695e-01f, 1.76776695e-01f, -1.76776695e-01f, -1.76776695e-01f, -1.76776695e-01f, -1.76776695e-01f, 1.76776695e-01f, 1.76776695e-01f, -1.76776695e-01f, 1.76776695e-01f, -1.76776695e-01f, -1.76776695e-01f, -1.76776695e-01f, 1.76776695e-01f, 1.76776695e-01f, -1.76776695e-01f, -1.76776695e-01f, 1.76776695e-01f, -1.76776695e-01f, 1.76776695e-01f, -1.76776695e-01f, -1.76776695e-01f, 1.76776695e-01f, 1.76776695e-01f, -1.76776695e-01f, -1.76776695e-01f,
    -1.76776695e-01f, 1.76776695e-01f, 1.76776695e-01f, 1.76776695e-01f, -1.76776695e-01f, -1.76776695e-01f, -1.76776695e-01f, 1.76776695e-01f, 1.76776695e-01f, -1.76776695e-01f, 1.76776695e-01f, -1.76776695e-01f, -1.76776695e-01f, 1.76776695e-01f, 1.76776695e-01f, 1.76776695e-01f, 1.76776695e-01f, -1.76776695e-01f, 1.76776695e-01f, 1.76776695e-01f, -1.76776695e-01f, -1.76776695e-01f, 1.76776695e-01f, 1.76776695e-01f, 1.76776695e-01f, 1.76776695e-01f, 1.76776695e-01f, -1.76776695e-01f, -1.76776695e-01f, 1.76776695e-01f, 1.76776695e-01f, -1.76776695e-01f,
    1.76776695e-01f, 1.76776695e-01f, 1.76776695e-01f, -1.76776695e-01f, -1.76776695e-01f, 1.76776695e-01f, 1.76776695e-01f, 1.76776695e-01f, -1.76776695e-01f, -1.76776695e-01f, 1.76776695e-01f, 1.76776695e-01f, -1.76776695e-01f, -1.76776695e-01f, -1.76776695e-01f, 1.76776695e-01f, -1.76776695e-01f, -1.76776695e-01f, 1.76776695e-01f, -1.76776695e-01f, -1.76776695e-01f, 1.76776695e-01f, -1.76776695e-01f, 1.76776695e-01f, -1.76776695e-01f, 1.76776695e-01f, 1.76776695e-01f, 1.76776695e-01f, -1.76776695e-01f, -1.76776695e-01f, -1.76776695e-01f, -1.76776695e-01f,
    -1.76776695e-01f, 1.76776695e-01f, -1.76776695e-01f, -1.76776695e-01f, 1.76776695e-01f, 1.76776695e-01f, -1.76776695e-01f, 1.76776695e-01f, 1.76776695e-01f, -1.76776695e-01f, -1.76776695e-01f, 1.76776695e-01f, 1.76776695e-01f, -1.76776695e-01f, 1.76776695e-01f, 1.76776695e-01f, 1.76776695e-01f, -1.76776695e-01f, -1.76776695e-01f, -1.76776695e-01f, 1.76776695e-01f, 1.76776695e-01f, 1.76776695e-01f, 1.76776695e-01f, 1.76776695e-01f, 1.76776695e-01f, -1.76776695e-01f, 1.76776695e-01f, 1.76776695e-01f, -1.76776695e-01f, 1.76776695e-01f, -1.76776695e-01f,
    1.76776695e-01f, 1.76776695e-01f, -1.76776695e-01f, 1.76776695e-01f, -1.76776695e-01f, 1.76776695e-01f, -1.76776695e-01f, -1.76776695e-01f, -1.76776695e-01f, -1.76776695e-01f, -1.76776695e-01f, -1.76776695e-01f, -1.76776695e-01f, -1.76776695e-01f, 1.76776695e-01f, -1.76776695e-01f, -1.76776695e-01f, -1.76776695e-01f, -1.76776695e-01f, 1.76776695e-01f, -1.76776695e-01f, 1.76776695e-01f, 1.76776695e-01f, -1.76776695e-01f, -1.76776695e-01f, 1.76776695e-01f, -1.76776695e-01f, -1.76776695e-01f, -1.76776695e-01f, -1.76776695e-01f, 1.76776695e-01f, 1.76776695e-01f,
    1.76776695e-01f, -1.76776695e-01f, -1.76776695e-01f, -1.76776695e-01f, -1.76776695e-01f, -1.76776695e-01f, -1.76776695e-01f, 1.76776695e-01f, -1.76776695e-01f, 1.76776695e-01f, -1.76776695e-01f, 1.76776695e-01f, -1.76776695e-01f, 1.76776695e-01f, 1.76776695e-01f, 1.76776695e-01f, -1.76776695e-01f, 1.76776695e-01f, -1.76776695e-01f, -1.76776695e-01f, -1.76776695e-01f, -1.76776695e-01f, 1.76776695e-01f, 1.76776695e-01f, -1.76776695e-01f, -1.76776695e-01f, -1.76776695e-01f, 1.76776695e-01f, -1.76776695e-01f, 1.76776695e-01f, 1.76776695e-01f, -1.76776695e-01f,
    1.76776695e-01f, 1.76776695e-01f, 1.76776695e-01f, -1.76776695e-01f, 1.76776695e-01f, -1.76776695e-01f, -1.76776695e-01f, -1.76776695e-01f, 1.76776695e-01f, 1.76776695e-01f, -1.76776695e-01f, -1.76776695e-01f, -1.76776695e-01f, -1.76776695e-01f, -1.76776695e-01f, 1.76776695e-01f, -1.76776695e-01f, -1.76776695e-01f, 1.76776695e-01f, -1.76776695e-01f, 1.76776695e-01f, -1.76776695e-01f, 1.76776695e-01f, -1.76776695e-01f, 1.76776695e-01f, -1.76776695e-01f, -1.76776695e-01f, -1.76776695e-01f, -1.76776695e-01f, -1.76776695e-01f, -1.76776695e-01f, -1.76776695e-01f,
    1.76776695e-01f, -1.76776695e-01f, 1.76776695e-01f, 1.76776695e-01f, 1.76776695e-01f, 1.76776695e-01f, -1.76776695e-01f, 1.76776695e-01f, 1.76776695e-01f, -1.76776695e-01f, -1.76776695e-01f, 1.76776695e-01f, -1.76776695e-01f, 1.76776695e-01f, -1.76776695e-01f, -1.76776695e-01f, -1.76776695e-01f, 1.76776695e-01f, 1.76776695e-01f, 1.76776695e-01f, 1.76776695e-01f, 1.76776695e-01f, 1.76776695e-01f, 1.76776695e-01f, 1.76776695e-01f, 1.76776695e-01f, -1.76776695e-01f, 1.76776695e-01f, -1.76776695e-01f, 1.76776695e-01f, -1.76776695e-01f, 1.76776695e-01f,
    1.76776695e-01f, 1.76776695e-01f, -1.76776695e-01f, 1.76776695e-01f, 1.76776695e-01f, -1.76776695e-01f, 1.76776695e-01f, 1.76776695e-01f, 1.76776695e-01f, 1.76776695e-01f, 1.76776695e-01f, 1.76776695e-01f, -1.76776695e-01f, -1.76776695e-01f, 1.76776695e-01f, -1.76776695e-01f, -1.76776695e-01f, -1.76776695e-01f, -1.76776695e-01f, 1.76776695e-01f, 1.76776695e-01f, -1.76776695e-01f, -1.76776695e-01f, 1.76776695e-01f, 1.76776695e-01f, -1.76776695e-01f, 1.76776695e-01f, 1.76776695e-01f, -1.76776695e-01f, -1.76776695e-01f, 1.76776695e-01f, 1.76776695e-01f,
    1.76776695e-01f, -1.76776695e-01f, -1.76776695e-01f, -1.76776695e-01f, 1.76776695e-01f, 1.76776695e-01f, 1.76776695e-01f, -1.76776695e-01f, 1.76776695e-01f, -1.76776695e-01f, 1.76776695e-01f, -1.76776695e-01f, -1.76776695e-01f, 1.76776695e-01f, 1.76776695e-01f, 1.76776695e-01f, -1.76776695e-01f, 1.76776695e-01f, -1.76776695e-01f, -1.76776695e-01f, 1.76776695e-01f, 1.76776695e-01f, -1.76776695e-01f, -1.76776695e-01f, 1.76776695e-01f, 1.76776695e-01f, 1.76776695e-01f, -1.76776695e-01f, -1.76776695e-01f, 1.76776695e-01f, 1.76776695e-01f, -1.76776695e-01f,
    1.76776695e-01f, 1.76776695e-01f, 1.76776695e-01f, -1.76776695e-01f, -1.76776695e-01f, 1.76776695e-01f, 1.76776695e-01f, 1.76776695e-01f, 1.76776695e-01f, 1.76776695e-01f, -1.76776695e-01f, -1.76776695e-01f, 1.76776695e-01f, 1.76776695e-01f, 1.76776695e-01f, -1.76776695e-01f, -1.76776695e-01f, -1.76776695e-01f, 1.76776695e-01f, -1.76776695e-01f, -1.76776695e-01f, 1.76776695e-01f, -1.76776695e-01f, 1.76776695e-01f, 1.76776695e-01f, -1.76776695e-01f, -1.76776695e-01f, -1.76776695e-01f, 1.76776695e-01f, 1.76776695e-01f, 1.76776695e-01f, 1.76776695e-01f,
    1.76776695e-01f, -1.76776695e-01f, 1.76776695e-01f, 1.76776695e-01f, -1.76776695e-01f, -1.76776695e-01f, 1.76776695e-01f, -1.76776695e-01f, 1.76776695e-01f, -1.76776695e-01f, -1.76776695e-01f, 1.76776695e-01f, 1.76776695e-01f, -1.76776695e-01f, 1.76776695e-01f, 1.76776695e-01f, -1.76776695e-01f, 1.76776695e-01f, 1.76776695e-01f, 1.76776695e-01f, -1.76776695e-01f, -1.76776695e-01f, -1.76776695e-01f, -1.76776695e-01f, 1.76776695e-01f, 1.76776695e-01f, -1.76776695e-01f, 1.76776695e-01f, 1.76776695e-01f, -1.76776695e-01f, 1.76776695e-01f, -1.76776695e-01f,
    -1.76776695e-01f, -1.76776695e-01f, 1.76776695e-01f, -1.76776695e-01f, 1.76776695e-01f, -1.76776695e-01f, 1.76776695e-01f, 1.76776695e-01f, -1.76776695e-01f, -1.76776695e-01f, -1.76776695e-01f, -1.76776695e-01f, -1.76776695e-01f, -1.76776695e-01f, 1.76776695e-01f, -1.76776695e-01f, 1.76776695e-01f, 1.76776695e-01f, 1.76776695e-01f, -1.76776695e-01f, 1.76776695e-01f, -1.76776695e-01f, -1.76776695e-01f, 1.76776695e-01f, -1.76776695e-01f, 1.76776695e-01f, -1.76776695e-01f, -1.76776695e-01f, -1.76776695e-01f, -1.76776695e-01f, 1.76776695e-01f, 1.76776695e-01f,
    -1.76776695e-01f, 1.76776695e-01f, 1.76776695e-01f, 1.76776695e-01f, 1.76776695e-01f, 1.76776695e-01f, 1.76776695e-01f, -1.76776695e-01f, -1.76776695e-01f, 1.76776695e-01f, -1.76776695e-01f, 1.76776695e-01f, -1.76776695e-01f, 1.76776695e-01f, 1.76776695e-01f, 1.76776695e-01f, 1.76776695e-01f, -1.76776695e-01f, 1.76776695e-01f, 1.76776695e-01f, 1.76776695e-01f, 1.76776695e-01f, -1.76776695e-01f, -1.76776695e-01f, -1.76776695e-01f, -1.76776695e-01f, -1.76776695e-01f, 1.76776695e-01f, -1.76776695e-01f, 1.76776695e-01f, 1.76776695e-01f, -1.76776695e-01f
};
